0000000000000000000000000000000000000000000000000000000000000000000000000000000000000000000000000000000000000000000000000000000000000000000000000000000000000000000000000000000000000000000000000000000000
0000000000000000000000000000000000000000000000000000000000000000000000000000000000000000000000000000000000000000000000000000000000000000000000000000000000000000000000000000000000000000000000000000000000
0000000000000000000000000000000000000000000000000000000000000000000000000000000000000000000000000000000000000000000000000000000000000000000000000000000000000000000000000000000000000000000000000000000000
0000000000000000000000000000000000000000000000000000000000000000000000000000000000200000000000000000000000000000000000000000000000000000000000000000000000000000000000000000000000000000000000000000000000
0000000000000000000000400000000000000000000000000000000000000000000000000000000033333333000333400000000000000400000000000333000034430000000000000000000000000000000000000000000000000000000011000000000000
0000000000000000000000000000000000000000000000000000000000000000000000000000000000000000000000000000000000000000000000000000000000000000000000000000000000000000000000000000000000000000000111000000000000
0000000000000000000000000000000000000000000000000000000000000000000000000000000200000000000000000000000000000000000000000000000000000000000000000000000000000000000000000000000000000000001111000000000000
0000000000000000000000000000000000000000000000000000000000000000400000000000000000000000000000000000000000000000000000000000000000000000000000000000000000000000000000000000000000000000011111000000000000
0000000000000000400034343000000000000000000000660000000006600000000000000000034300000000000000500000330000400400400000300000000003300000010010000000000110010000000000003343000000000000111111000000000000
0000000000000000000000000000000000000066000000660000000006600000000000000000000000000000000000000000000000000000000000000000000000000000110011000000001110011000000000000000000000000001111111000000000000
0000000000000000000000000000660000000066000000660000000006600000000000000000000000000000000000000000000000000000000000000000000000000001110011100000011110011100000660000000000000066011111111000000000000
0000000000000000000002000000660000000066020000660000020206600000000000000000000000000000000000020200000000200000000000000000220202000011110011110000111110011110000660000000002200066111111111000000001000
1111111111111111111111111111111111111111111111111111111111111111111110011111111111111100011111111111111111111111111111111111111111111111111111111111111110011111111111111111111111111111111111111111111111
1111111111111111111111111111111111111111111111111111111111111111111110011111111111111100011111111111111111111111111111111111111111111111111111111111111110011111111111111111111111111111111111111111111111
