300000000000000000000000000000000100000000000000030000000000010030010031000030000000000000000000000000000300000030000100000000300000000000100000100000000000000000000000
000000000000000000000000000000000030000000006000000000000000000000000614000000064300000000000000000000000000006000000000000000000100000000000003000000000000000100000050
000000000000000000000000000003033300000000000000010000040006000000000013003000000000013000000003000000030033300033033000000000000000003000000333300000000133000000001000
000000000000000000000000000000320000000000000000000000000000000000030300000001003000000000000300020001000001000000000000000000003000000000030000000000030333000000000000
000000000000000000000000000000000010000000000000000000000000000000000000000300000000000000000000663000060003000000000000000000000000030100000011000003002013000000000000
000444414000000000000000000001003001000000005030006000440000000300300000000010430000140000000001660000000300000000000000000000000434400630000000001001300003000100004044
000000000000000000000000000031333300300000000000000000000000000331330033033300000001100160033330330000000133333333303300000000000000033300003333330333330000033030000060
000000000000000000000000000000000030000000010060000000006000000300000000000000000000300005000000400003300000000000000000000010000000000000000000000000030000100000010000
000000000000000001110000000000010006001110000001000000000000030000000000030030001100000000000011110000000000000000000000000000000000000011100000000000000000000000000000
333330000000003300000000000000000003300000000000100000000000000000006000000003300000001000000000000003505000010000000000000040001000333000020000000000000000000000002000
000000000003033300000000000200000020300000000000000003030000000000000000000023300001000000003000000000000000030300000030000000000001033001000000000000060200100000000010
000000000000000300000000006600000660300000030000000000040000000000000000000660000200100000001000000000000000000000000060000600000000003000000000000100006000000001001010
000000000030000300000000006600000660300000000000000030000000000000042401005660000001000401400100000000000000010000000061400000000000000100000000000003006603100031400030
333333333333000003333333333333133330003303000003003330000000000000000013003330003033000000000033030000000333330033333300000000000000001033330600000303033003000000000000
