000000000000000000000000000000000060003000000000000000000000000000000001010000000000000000030000000000000000000000000000000000000000000000000030003000000000000100100100
000000000030000000000000000000011020100000000005000000000001110000000003000000000000000111000000000005023000000000000000033000000000050000000000010000001000030000000000
000000000000000000000000000003000001002000331100000000001000000000000000000020500000010000010000003311000300000200000020000000000000060000000000100000000000100000000000
000000000000000000000000000000002000000066000300000000006600130000000000000660100000100001000000103000000000006013000660000000000030000000000000000000006600000000000000
000000000000000000000000000006003000010066000000000000006600000000000000000600000000660000000000000100003000006600000663100000000000000003000000000000006000003000000000
014444400000000000010000000066013000000000000000005000006600000000000000000060014044160000001400440000030000006000000660000003000003000304040144444000006003000000000030
000000000000000000000000000033000000030333033333300000003300000000000000333130000000330000000000000303333000300000033320000000000100000000000000000003333333433000000000
000000000000000000000000000030000000000000000003000000000000000000000030000000000000000000000000000000000000000003000000000002000000010000000000000000003000000000000000
000002000000000001110000000000010000100000000000000300006000020000000000000000000300000030010000000100000000000000000200001110000000000000000003001000111000000000300020
331100000000000200000000000200000300000050000010000030303310000000600000000000000000030000000001050000000500000053110000000000000000000000003000000000300000000003311000
000000000000006600000000006600000000000001000000000000300000000000310000015030003011000003000000000000000000001000000600610002000000100000000000000600010003000105000000
000000000003006600000000006620000000000004000000000000000000000000000000003000600300000000000000000000061000030000000006600000000030000000000000000000000000000000000000
000000003033006600000000006600005000303400000001101040430000000303000303033000000010000010000000100000100030330000000006000000030330305000100030000666000000000100000000
333333333333003300000003333300002003303300000000000000000330333000000033333000000002000000000011000000010333330033030333300003033330000000000300010330000000000003033333
