000000000000000000000000000000000000000000000000000000000000100000000010000000000000500000006000301000000000000030000000000000000000000000000000000000000000010001000000
000000000000000000000000000000000000000100000000000000000000000000030000000000000000000000000000010000003000000000000000100000000000000000000000000000100060000000000630
000000000000000000000000000000000000000000003000000000000110006050001000000000000000000300000000600000000030000100000000000000000000000001000001000050000002011000000000
000000000000000000000000000000000000203000000000000000000000000000310000000000200000030000001000000000000000000000000001000000000000020000000000030000000002003000000003
000000000000000000000000000000000000000000000000000000000000600000000000000000010000000000000000000000000000000000000000000000000300003000000000000000000004000000000000
000011111111110000000000000002000030000060000000000200000000022000100000000010000000020000000000000000111131010101000000022000111111100000001111113000630000000000022000
000000000000000000000000000003031003303103000000000133330030003333003000000003333033000033300000000030000000000013330000003333000303000000003000000000000033303333333330
000000000000000000000000000000000500000000000001000000100030000000000110000000000000000000000000001000000000000001000000000000000000000010000000000000000010600000000040
000000000000000000000000000000000000000000000001000000006000000000000000000301000000000000000300030000000000000000000000000000000000000000010000000000000000000040000000
011000100000000000000000000000000600000000000000001001010036000100100000000000000000100000000010000000000015000100000000000000000000000000000000000000000001100010000000
000000000000000200000000000004000000000000030000000000000000030000000100000000000000004000002000000000000000000002000000001000000000000000000000000000000000000000000300
000000000000000000000000000030000000000000000000000000000000000001600000000300000000000003030000031000000000000000000000000300000000000000000000000000000000000000030000
000002202000000000000002200000000000110111000011100000220050011011010100220000010000342200000000000000000000002205000000000111000002200000300000111020000000600220300000
333333333333333333333333333350000000300000000000033333030000000000060033333330000006033363030333030000000331333030033302000000330303300000000000000333333333333000300000
