000000000000000000000000000000000000000000000000000000000000000001030000000000000000000300000000001100000000000000000000000000000000000000000000000000000000000000000000
000000000333000000000000000301120000000504111111000000000000000000000003333000000000003005000000030000000000000000000000000000001000000033000000000000300000000000003300
000000000000000000000000000000010000040000300000030000630000000200000000000003000233000100300000000000010300000300013001000000000000300000003005033000033300000000000050
000000000000000000000000000000000000000000100100000000130000000000000000000000000213000000306000000000000000023300000000000210300100000000030100203000001300000000000001
000000000000000000000000000300000130500000000100000030301000000000000100000000053303000100000000030000000005333300000000003333000003000000000003333030000000000000100000
100000000000000000000110000011000000000300000000060303330000000000000000000000030303100300011000000000000000333310000000033333003000000000000003133000000000000000000000
000000000000000000000000000000000000000000001003300003000030000330300000000000003303000000000030000000000000030300300000000303333306000000000003303000130300003000060000
000000000000030000000000000000000010000000000100000000030000000000000000000000000000000000000000030000001000300300000000000000000000000000000030003000030000000000000000
111111000000000000000000000000000000033300000000000000000600000000000014401010000003001111000363000000000000050011101100000000000300000000000010001100000000000031111110
300000000000000000333300003300000000000000000033300000010000000000033310000000300000301010000000003000330000000030300005003333000000030000000000000000330000000003003040
000000000000000000000000023310000000100000100030000010000000010000300000006000000100000003000000000000000000006000000001001000000000000000000000000000000000000500000000
000000000000003300000000333300001000000000330000000000510000000330000000000000010003000500000000000300010000000000000003303050000000300000600000000000000000000030000000
000000000000000000000003333310000000000030000002000000000000000000000000001301001000000030000000000000001000011010000000000003110000000000000000000000000001600000000000
000003333330000003333000030300000000000000000333303330000003000001303300000300000003000003300000000003333333300001000310003333000000000000000313000000010000000000000000
