000000000000000000000000003300100000000000330100000100000000001001000000003133310000000300000000000000000300006010000000000300000000000000000000033001000005000000000000
000000000000000000000000003130000000000000100000000055000005500100010000000005000000033001000100000100000000000001000000005005000001000000010600001000100000000000000000
000000000000300000000000000000001300000000060000000000000000000000000300000000000003100101010000000000005000001000300300000000000000000000000000000000000000000100000030
000000000000000000000000000000000000000000002000000000030000000000000000000005020133000010000000000000000000000000000000100000000500000000300300000000000000000000000000
000000000000000000000000000000060000000000000010500060030000000000000100000030000000000000000000300000000000000000011000000000000100000000000000000030000000000105001000
000000000000000000000000000030000003000000000000000000000000000000000003000000030000000000003000000300000000000000000000000000300100001100000000000010000000000000002000
000000000000000000000000000000000001003000030000333033333033335000010000000030310333500001000030000000000030316300000000330333000000000000000000000000030000000000000000
000000000000033300000000000020000300100000000000300000000000000010003000100000000000003000000100300000003000000000000630000033030005000000000300000000100000001030000000
000000000000000000000000550030000310000000000000013000000000000000003100000100000000100300000000310005560000000000000310100000000000000000000003030000500000000000000000
000000000000000000000000000000000000033000000001030000000000100000000003030000000010000000000000000000003000003000000400000000000000000000000000000000000000000000000000
000000000000000020000000000000000000000000000000000000000000000000000000150000000000000010000001001033000000000000000000000000002500000000000020000000100000000000000550
000000000000000000000000000000000000000000000400030000000000000002000000060000000040000000300000000000000000600000300000000000000000000000200000000000000000000000000000
000000003000000000000000000003000030000000030031000000000000000300000000000500000000000000000000000030000000001000000000300000000000000000000000000000000003005000300000
000000000000000303333333333300000000000000000000000000000000000000000000000000000000000200000000000330333000500000000000000300030030000000000300333333001330000000000000
