000000000000000000000000000000000000000000030000000000024000000003300000000003000000033000000001000004000000000003010006033100000000000000000033000000300000000300000000
000000000000000000000000000000000000000000000000000000000000000000000000000000000000001000000100000100500000000000030000030500000000000000000030000001000000000000000000
000000000000000000000000000030000003000000000500040000000000000006001000000000000000060000000000010000000000000030000000160400000000000003000660000000000000000000000000
000000000000000000000000000000000000000000000000200001000000300060000000000021000000060002000000000000400000000000200000660020000000000000000660020000000000000000000002
000000000000000000000000000000000000300000000000600000000000000066000003000600000000066000000000000000000000000000000000100000000000000000000060000000000000000000000066
000000000000000000000000000000000200000000300046600000000000003360000000000600000000066000000000200000000060000000000000600000600000000000000660001000000040000000000066
000000000000000000000000000030030000030010333330000000000000000330003023333300000000133003330033310000000030000003303333300003000000000010003000033000000000300003330000
003300000000000000000000000000300000000000000001000000030000000000000000000000001000000300010000000000000005000000000000000000000000000000003000000000000630000000030000
003000000000000000000000000000300006000001000331010000001000000000000000000000000300000000000000000000360000000000000000000010000100000000100000000000003000000100000000
066000000000000000000000000000600000000000003000050000000000000000000000600000000000000000000300000000030000000000000000000000000000000000301305000000000000300000000000
066002000000020020000000000006005200020000000000000000000000000000000000200010000000000000200000000030000000300000000000000000000000200000030000000600000003040100000000
066000000000660000000000000006600000010010001000000005000000000000000010001001000000000006600000000000000000000000050000000000000006600000100000000000300000000000002000
066000000000660000000000002000000001000000000000000000000000001000000000050000000030002001600000000000000006000000100200060000000006600010000000000000002000000000010000
333003333333333333333333333333000003303303000000000100000000000000100013330333533333333333000000000333300000030133003300000000030333300000100000001330030303333330000000
