000000000000000000000000000000000000200000000000030000001000000000000300000000000000000000000100000000100000004240000000000300000000000000000000010000000100100003100000
000000000000000000000000000000000003000000000000033000000000006000003000000100000003001000001000300000003000333000130000000000000000000000002003000000000033000000000010
000000000000000000000000000000001100000000000000000000030000000300000000000100030000000000030000000000000500000001000000000000000000000000000000000000060503000030000000
000000000000000000000000000000000000000000000000000000000100000333300000000000000000000000030300000300000100000000000000000600000000000010000000000000030000000000000000
000000000000000000000000000000000000002050000000000000000000100000000000100003000000040000001000030000000000000301000000000000000000000300000000003000000000000000000400
505550000033050000000000033000000000000300000330500000000000300000000000000006000100000003000000003050000060000000000003003100000000000003300010000000033010000005050510
000000000300000000000000030000100000000305003000000060100003300030000100000000000000000030000000030000000000000000030000030000000000030003000000010000030000000100000000
000000000000000000000000000000000010000000000000010001000000000000000000000000000000000010000000030000000000000000000000000000000000000000000000000500000000000000100000
000333000000033300000000003000000000000030000033000000000000201000000130100000003300200000000000000000000000000000000300500000000000330000000003030000203000000003000000
000000000000000000003300000000000003000000000000150010000000000000000000000030000000000000300000003000000000000030000000013000000000000010030000000300000000000000000010
000000000000000000003333300000000003303000000000000000000000000010030000000000030000000000300000000030000000000030030000000000000000000200033000000333300000000000000000
000000000000000000000000000000000000000000000000000000003030000000000000000030000005000000000000000000000000000000000100000000100000000000003000000000000000000000000000
000000000000000000000000000050550000050000030000000003000003300505550000000000000000000000300033055055500010000000000103000600505250000300000000000000000000000000000005
000000000000000000000000000300000000000000003000001000000030000000000000003000000000000000003300000000000000000000000000000100000000000000000000000000000300000000030000
