000000000000000000000000000000100000000200000000000000000000000000010000000000000300000010000000000000000000300000000000000030000000000000000000000001000001010000000000
100000000000000000000000000000000201001000000000400002000000000300500010000000000000000000000000000000000000000000000300000000100031000020000100000000000002000000000000
000000000000000000000000000000000100000000000023000066000006000310300500000006600000010000500000000000000000003000000000000000000300000600000000000005000000000002000200
000000000000000000000000000000000000000000030000000066000000000100000003000000000031000350100002000000000000000000000000000200000000000000000000213000000066000000000000
000000000000000000000000000000001000000000001330001066000000000000010000000006300000000000000066000000000400000000000000006600000000000005001003600000000066000000000000
000000000000000000000000002000000000300000000000000066000001000000000000000000600000000002000060000000000100001000000000000600000000000000200000600000100066000000000000
000000000000055000000000000050000000000000303333000303030000000500000000000001333033000000033030313330333000000033333130003300001060000000003303333000001033303301303333
000000000000000000000000000000000000000000000000000000000000000000000000100000000033000000000000001000000000001000000050300603001000000000000001000000000000000000000000
000000000002000000000020000000000000200000000000000305000100000040010200030000000000020000000000001001000000020003000000200001003000000102000000300000000000000000000000
000000000066000000200660000000000006000000003000000000000000200100660003000000000000660000000000000000000000660000100006600100000000000066003006000100050000000000000000
000020000066000000000660000000000006600300200000000002000000000000663000002000000000660000000000000000000000660000000006600000010001000066000006603400000500000000000000
000660000066000000000660000000000010100000000000000066000000000300660000056100010030660000000000000000200000660000001006600000000000000006000006600010100000000000000000
000660000066000000000660000000000200600000000010000066000000000000660002060010000060600000000000000000000000660001020006000000000000020066000006600000000000000201030000
330333333333333333333333333300000000000333000000133001333333333333033330000330000000303333350000000000000103033200000000330330100000033333303033303500000000000000000010
