000000000000000000000000000000000000000000000000000000300000000000000000000000300000000000010001100000000000000000000000000000030000000000130300000000000006000000000000
000000000000000000000000000000006003000000000010000000000000100000000300000000000000000000000000000000000000503000000000340003500000500003035000000000000106000000000000
000000000000000000000000000000200000000000000100000000000000500000000100001030000000001000000000000000000000000000000000000100000000000000033000000000003000003000000000
000000000000000000000000000000000000000003000000000000000000000000000030000300000000000000301000000000000000000000100000000000000000000000310000000003000000100000300000
000000000000000000000000000000000000000000000000000000000000000000000000000100000000000000300000000000030100000010000000010030102000000000003000000300000000000000000100
000000000000000000000000000000010000000000000003000000500003000000200000000000000000000000600030000001000003220003200050002200000003000000000000100500000000220000000000
000000000000000000000000000031303330000000030000000000050000000033333310010000001000313033000000610000000030033333333333303305333331300004030000000000000033333333333333
000000000000000000000000000000000000000000000000000000000000000000300000000000030010000000600000000000000000000003000000000000000003010000000000000000000000000000000000
500000000000000000000000000000000101010000000000000000100000000000003050000000000000000010000000030000000000000000000006000000000000000011000000000000000000000025000000
000000000000000000000000000000000000000001000000000000000000000000000000001000000000000000000000000000000000300000010000000050300000000000005000000000000000000000000000
000000000000000000000000000030500000000000000000001000000000000000000000005000000005000000000100000000030001000000000000000000030061000000000000000000000000000000013000
000000000000000000000000000000000030000000000001000000000000000000000000000000100010000000020001000000000030012000000000000000000000000000000330000000000000001050000060
000000000000000022000000220000000351002000000200000300000000100000000000002000100000000000000600000022040000000300003000000000500000000000000002200000000000000000000000
333333333333333333333333333300010003303013330303333333530333330000000033303333333333303333300000003033333000000000300003033333010000000060003333001200000000600003333303
