000000000000000000000000000000300000000000000000010000000000000000000006000000000000000000000030000000000000000000000000000000000000000100000000000000000000000000000000
000000000000000000000000000000000040000000030000000000000000001000000000000000000300003000000000000003000000000000000030010000000000000000000000000300000500000000001000
000000000000000000000000000000000000001000000000100300000000000000000014014140000000000000000000001140410010000400010300000500013000400000001444430000000000003000000000
000000000000000000000000000000000000060001000000003000010000000300000000000000000100000000000000010000000030000000003000000000050000000003000050000000010000000000000010
000000000000000000000000000000000000000000000030010003000001000000000030000000000000000000000060000000000200000000000000000000000000000000000030300000010000000000000000
011001111111000000000000000010101000000000001001000000000000000000020200000003010000300000240000000000005000000000000020000000200000010000000000000000000005100311100030
000000000000000000000000000000000000000000000000000001000000000333303300033330000000333333300000000003030333333033303300100000333433310010000000300333333000000000001303
000000000000000000000000000010000000000000000000000000000000030000000000110000000000000000030000000300000000100000000000000000000100000000000000000000030000000000000010
000000000000000000005000000030000010000001000006000000050000000000000500006000000000000400100000000000000000000000000105000000000000500000000310510000000000000000000000
011000414444100000000000000014444000000006011000401000001001004000000000000000000000000000050000302000000000000000444100000000000000000000000110004000000060000000300000
000000000000000000000000000000000000000000010000000000000000000000000000000003000000000000000000000021000000000000300000000310000000000000000000000000001000000000000000
000000000000000000000000000000000060000000000000000100001000000001000000000000000000030100000000001000100500000000000300000000000000030000000000000003000000000000000000
200000000000000000000000020200030000000202200600000000000000000000000001110110000300000000010001000000001011001100400101100100010000001000112000000000000000000000003000
333333300033333333330333333300033303333303303333333333003333333330300000000000000000000050000000003333330000000000030330000000310333000000003333030000000033333300000000
