000000000000000000000000000000000000000300000000300000000030000020001002000001000000000000000000130000000000040000000000000000000006003000003000001000000000000000300000
000000000000000000000000000000000000000000000000000000000001000000000000000000000000000010000000000000000601000000100000000000000000000000000000000020000600000000030003
000000000000000000000000000006000000636310000000000000000000000160005000000000000000000010000000000000000000000000000000000000000000000040000000000000001000000000000000
000000000000000000000000000000010026600000000000600000000000030660030000030000000000000020000000000000030000600000030000000000000000000000010300030660000000010000000000
000000000000000000000000000000000006600000000000000000000001000660500000000000000000000060000000001000000000000000000000000010210000000000000000000660000030000000006600
000000000000000000000000002000000306600000000000022002000000000660000000500002302000000600022002003000000000000000000000000000000000000100000200020000000000000000006600
000000000000000000000000000000000003033033000300333333330000000303000300000001330333333133330303330000000030010005000030003033003010000000000000000033333300000003330333
000000000000000000000000000000000000000000010000000000000006000000000060000000000000000003000000000000000300006000000000000000000100000000000000000000000004000100000000
000000000000000000000020000000000000000000000000000000000000000010300300000000000000000000000000000200000000101002000300003000000600000100000100000003000000000010100000
000000000000000000000660001030010000010000000000000000000021000050003000000010000000000000310100006600010000300063000100100000050000000000000000000000000000300000000000
000020000000000000000660000000000000300300000000000000050000100000000001000100000000000000000605006600000000000060000000000200000000000000000000000100000000000000000000
000660000000000000000660000000000000000100300000000006000003000010000003000030501000100000000000000600030010000006000000056000100103000000100000000000000000000030100000
000660000000002202200660000000300203000200000100000166000006000000000000000000010020005030606000506600000000002066000000506600000000003022000000000000000000300002002200
333333300033333333333333333300000000000001000000033302333303332003000000033330301000000333000000103330330000000033003030033033300000033330310000010000333300000000133333
