000000000000000000030000000000000000000000330005000000000003000000000000000300000000000000000000300030000000000000000336001000006000000000000003030000000000003000503050
000000000000000000000000000000000000000000000000000000000000000000000000000005000000001000030500200000000300002000000000000000010000000000000000000000000000000001000000
000000000000000000000000000000010000000000000000000050300000000000000200030000005000000000100000003000000000010030003030000000000030000000030060000000000001000000000020
000000000000000000000000000001000030003000010000310060000000000000000000000000000000030000100000000000000000000500000000000010200000000010500000000000300000000003000000
000000000000000000000000000000000000530000000000000000010000000000000000000000000000000010000000000000000000000000000000001000000000000000010000000000400000000000000000
000001111111000000000000000005300001010000000000000000000004000000000200000300000000002200003000000010030000601100000000300000111100001000000000000002200200000100003000
000000000000000000000000000033331310000000303330333333330000010333333000003003333330330333303330300000001000000000000000100000000000030333300000000311333300000000330033
000000000000500000000000000000000000000030000000000000000000050002000030000000000000000000000000003000000001003000130000000000000005000000003000000000005000000001035000
000000000000000000000000000000000006000000000000000010000000000010000000300000000000000000000000000000500000000000000003000000010000000000000004000000000000000000600000
000000010000000005000000000000000300000000000006003000001000000000000000003000000000000000000000000005000000000000050000000000003000000000000000000100000000650000000000
000000000000000000000000000000000013000000000000000300100000000004100000000100100000000500000000000000000000100000000000000000001000000100000000000000100000000000310000
000000000000000000000000000000000003000000000000000000010000002000000000000000500000000000000000000000000000000000000000000000000000600000000000030001000000000000000000
000200200000000000000002200201400000000000000001100220020000030001101201010000030010111110000120020000100000000000003000010011000000000220021110100000000000000001000011
333333333333333333333333333300100000000000050000033030303333003313033000000300000000000010030333035003333000000333033000000000333033333333300050000000330063333030000000
