300000000000000000000000000000000000000010300000000000000000000000000000000000000010000330010000000000000000000003000000000003300000000300000000000000000001500001000000
000000000000000000000000000000300000000000000000000000000000000000030000000003000000000000000000000000000000000000004006000000000000000300030006000000000000000000000000
000000000000000000000000000000000000030000000000100110000000000003000002000100000000000000100010000000000020000000000000200001030000000000000000000020000000500000030000
000000000000000000000000000000010000100000060000000000000000000000050060000000003003000000000001000030000660000000000016310300030000000000000000000660000000000000000000
000000000000000000000000000002000000000000660000000000000000000000001066000000000301000000000000000000003660500300000006600000000000000000000001000660000033000010010000
011111100001100000000040000000000000001110600200202300010200000013111150020010001110000011030000003000000661200230010000602002011111102020000000000660200301111110000000
000000000000000000000000000000000000000001033333003033331333333000000030333330000000000000000000030003000333333310000013330335000000033333330000006303333000000000003300
000000000000000000000000000000300003001000000000000000000000000000000000000000000300400001000000050010000060000000000030000000000000000000000000000300000030000000000001
000000000000000000000000000000000000000000000030040000000030000000000000000000000000000000000000000000000000000050003000000000000001000000000000000600000000100000000001
000000000000000200000001100005001000005000000000000300000000000000000000000010011000000000010000000000000001100050000000011300000001000010000000000001100000001000000000
000000000000006600000000000001000000303060000000000000000000000000000000000000000000000000030000000000000000130000000000000000000300000000000000000000000000000020000000
000000000000006600000000000000000000000000001010000000200000000000000000000000003000031000000000000100000300000000100003000000000000000000100000000600000000000000000000
020200000000006602002022000004000000111110000010002000000401000030000000000000223000011011104003000202010022030000001100022000030000000000000000110022000004000000202000
333333300033003333333333333300000000000000300330033331310005000020300000000003331303000000000100003030303031333004000003333033000300003000000000000333033300001003333303
