000000000000000000000000000000000000020000000001300000000300000000001000000000000001000000000000000001000000000000033100000000050000000000000000000000000000000000000000
000000000000000000000000000030000000000000000011000000000000000030011500010000000000000000000200000300000000300000011100000013000000003000000000000000100010000000000000
000000000000000000000000000000000000000000300010000000000000000000000000300200300000000000000100000000000000000000000001000000100000000000000003000000000000000000000000
000000000000000000000000000000000000000333000000000000000030000050000000000000000001000000000000000000303000000005030000000030000000000000000000000000003000100000000333
000000003000000000000000000000000000060033003000000000000000000000000000000000000030000000300000060000033000000000000300300000000000000000000300000000000000200000000033
000000000000000000000000033000000001000000000260000000000000000000000000000300000100000003000010100000003000033000022000030000000000030000300000000000000000000003000000
300000000000000000000000000030000003333303003333300000003333303003303320003000000300330003333403033333300000000003300000000000333130033000330000000033330300000003313303
000000000000100000000000000000000000100000000000300000000000000000000000000001030100000000103000100000100000000310000000000000000000000100000000030004000000000100000000
000000000001100000000000000000000000000000000003000311000000000000000000000000000000000000000000000000000000000000000301000010000030000000000000033010000000001026000005
000000000000000000000000000030000000003000000000000000000000000000000000000000000000000000000000000002000004000000000000000100000000010003000000006330000000000000020020
000000000000000000333000000030000300000000001000000000000000000000000000000000000333000000000000003000000000000000000000000000000033000000000000000060000000000000002000
000000000000000000033000000000000000000000000000000000000000000030000000000000000003030000000000000000000060000000000000000000000003300060000000000000000300000000000050
000000000022000000003000003000000000000000010033000000300000030000160000000000000003000001010022000000100100000000000000000330000000300000000003030000036000012030001000
333330333333333333303330003300000003033310000000030000633000033000000030000000330301000000033033330000000003360030000000006000330330000000003300013000000030333303000000
