000000000000000000000000000000000000000000050003300300000000300010000001000300005000000000000000000000310000003000000000000001150000000000000001000000000050000000000000
000000000000000000000000000000000000000055000100050555500010000000000001000350000000000000000000050000006505555550055050000000000000000010006300005000000050553550000010
000000000000000000000000001003000000001101000000031010000000000000030000011500000000000000000001010300000311100001101100000000000000000000100001146000000015101100000000
000000000000000000100001010000000000000000000000000000030000100000000000000000010100000000000000001010100000000000000001000100000000030001000000000000020330000000000000
020000000000000000101001010100300006300000021000000000000000131000000003000000010100020000003000000000001000300000000301100001000000000001013300000000300301000000000000
000000000000000000111111111100000000000000000003000140003000111000000060300000110111000121000500000000111003000200000000000011000000001112110006000050000003001500003050
000000000000000000000000000000000003003303000000033333032000030333363300033030000000000000000003330000000033303333333300000000000000000000000003333030604401003030000000
000000000000000000000000000000000000000000000000000000000000300000050000000035000000000000000000000000000061000000000000000000000000000000000000000000000001000000000000
000000000000000000055555555530003000000000001030300000000000000000000000400005605500000000000000000000000000000003001550000000000000000000000000000000000000000000000000
000000000000000001141111111000000000000010000010000000000000000000000030000001111110000000000000001000010000000000011400000000000000000003000000000003000000000010000000
000000000002000000000000000000001001000100000000100000000000200000000000000000000000000000000000000000150000000000000001010200000001000000000000100001000100000000000000
000000000000033300000000000000000010010101000000100000030000000000000502000005000000000000300000000000101000000033000000000303000600302000000000101001010100100003200300
000003000000000000000000000000030001001100000300000000000000000000000000030001010010000000000000311010110000000000000000300000000003000000000000111110001110000310040000
333333333000030003333333333300000000000003331333330000033301000003000300000050333330030000333333330000000000000000030333301003313333303000000001000000040033033030000000
