000000000000000000000000000000000000030100000000030000000000000000000000330000300003000000006330000000000001000100330000000060000000000000000000000600000000000000000100
000000000000000000000000000003000000000000003000000015000000030000000310030100000000000000100330500000000000040000300000000000010000010300000000000030000000000040010000
000000000000000000000000000000000000000000000060000000000000003000000033000000000000003010033300000010000000000003330000000000000000000303000000000000000000050100000000
000000000000000000000000000000000000000000000200000000000000000000010333330000000040000000030030310000010000100033330005000000000100000300000001010020000000000000002050
000000000000000000000000000000000000000010000600000000000000000000003003030000000030300000030030000000000000000033330600000000000000000000100000000003000000000000066000
000000000000000000000000000060010000000000000102000160000000000000023333330030000000001000033330030000000000000033330030000000301000000100000000000300000000110000060022
000000000000000000000000300033333335006000333301000003000003003333303333330330000003000000030303330000000000000031333130003000000000300020050000000303033300000000331333
000000000000000000000003300000030000000000000000000000000000100000000000010000000000001000000002000000000000000020000300000011000000000001503000000000000000130000051000
000000000000000000000003300000330000000000000000000030000000003300000000501000000000000000000000500000000000003000000000000000000010100050000000000000000000320000000000
000000000000000000000333300033310000000000000000000000000005000000000000000300060000000000030000000000000000001000000000300000000020011000500110000000010033330000000000
000000000020000000003333303006330000000000001000000520030000000050200000000006000000000200000000000000003000000000000010000003000200000000000000000000000033000000005100
000000000660000000033333300033330000000000300000000000300000000001000000000000010004100601000002001000030000030000000000000630000000000100000000000500000030030001000303
300000000660220000333333300333331030601000000000000000330000000006002200000000000000006602200000000000333300000030000000000333006600100000000000000000000003030030000333
333333333333333333333333333333333330000300000300003333300030100303033000030002000000305030300000003103333033313003333333430330333333300100000000000000300033333303033333
