000000000000000000000000000030030000000000000000000001300000000000000000010000000000000030000001000000000000000000000000000000002000000000000000300000000000000000000000
000000000000000000000000000000000001000000000000000000001000000000601000010000010000000000000000000000002000000000010300000000100100000000000000000060000000000030000062
000000000000000000000000000000001300000003000500200000000050300000000000000001001010100000000000000000012000011000000000000001000000000000000600000000000000000030300001
000000000000000000000000000000000000000000000006000050100000000000000003000000000001000000000000000000060000000000010020000330000000200003000000000000000000003030000016
000000000000000000000000000000000000000500360006600000000000100000000001300000000000000000000000000010066000000000000000033333003000000000000000010000000000332333000066
000100000000000000000000000000000003001000020000000000003000000000030003300520000000000000000000000230060001300000000000030010033000200010000000000000000000000000200001
000100000000000000000000000003303330001001303333300000000000000000000003333333330313000100000000000333303330330000000003000303333333000010000010003000000130303333330331
000100000000000000000000000000000000001000000000010011000000000000100000000005000100000000000003000600000010000000000000000000000000300000000000000000110000040000000000
000100000000020000000000000300000010000000000000000000000000000000000200000000000003000103000000030000000000030000000300000000000000000000000000000000130001000000000000
000000000000020000110000000300000000000000000000000000000000036010000200000000000003030000000000030030000000000000300000000000000000100001000000100000000000021100000000
000000200000660000000000033300000330010000000000001000000000000000000600000001000303030100200200303000000000000000000000000066030010000000000000000000000000000000000000
003000000000660000000003333300333330030003000000300000000000000030006600000000033303003000300333330000000053000000000000000066000000000000000000000003000001000000003000
033000202000660000000003003000000301330002000000000100000000000120006600000000000000003000200300000000000000000000000030000066160000300000000000000033000000000000001030
333333333333333333333333033333001333033333003000020000000001000333330300000040330033333033333303330001000000600000000003333333000000003333330000000333333333033330000000
