300000000000000000000000000000000000000000006000000000000000000000000000000103000000000000000103000100030000003000303000000000060000030000000030330003000001000000406001
100000000000000000000000000300000000000000000003000000000000000003000000000000300003000000300000000010000000000000000000300000030000010000000000000000000000001000000016
000000000000000000000000000000001000003000010000000000000000000003000000000100000000000030000000000000000000000000000000000000500000600000000000000000030000000000010200
000000000000000000000000000004000000000000000000100000000000600010204000000030000010000000000060110000000040200000000000000000060200100000100000000000500000000000006000
000000000000000000000000000000000030000000000601600001030010000036600000000000000000000000000006000000000006600000000000000010003600000000000015000000000000000000100600
000000000000000000000000505500000000000200000600000000502000030006600000050050600000000505530006000000000006600000000000000200006603000000000000000000000000060002006630
000000000000000000000002000003000003303301033333300200000303033333333300200000030000005000033033330500030300003330030303333333003333303000003003333000000000100001033330
000000000000000000000003333000030010031303300000000000000000000000000050333000000000033333030000000010013000000000000000000001000000000010000005000105000000300000000000
000000000000000000000000000000600000200000100000000000000000000000000000000000000000001000010000000000000002000000000000030003000000030000000000003100000000000000000005
000020000000000000000000000000002000000030000000000000000000000000060000000000550001000000000000000000000000000300001000000000000020000030003100000000000000010000001000
000660000000000002000000000000060000300300000000000000000000000000000000000000000000020000000000000000000000300000000000000000000060000000000000001000000001020500000000
000660000000000066000000000000066000010000000000000000001000100010000000000000000000000000000000000000000010000000000000000003000660000000000000000000000000060000000000
200660000002000066000000000000366000000001000001000600003000200000000005000000001001000000000000000000200000003000000000000055230660000000000005055000000000660000000200
333333333333333333333300333301333330003333001000000000003333310000200030133330030000000130300001003113333000000000000000000000103330000000000020000000000030333333333333
