000000000000000000000000000000006000000000000000000000000000000000000003300000000000000000000000000300005300000300003000000100000000000000000000000000000000300000000000
000000000000000000000000000300000000300003003000000004000003000000301030000001000000000000000000030000000000000000000000000030000004030000000000001000000000005000000000
000000000000000000000000000000000000000000000000001000300000100000000000000000000000000000000011301044003101320001000000000000000000030000000060000000030001011000110000
000000000000000000000000000000001004000000000000000010000000000000000050030000000000400000000000000000000000660001110000000000000660000000000000000000660100100000000000
000000000000000000000000000000000000000000000000001060000000000000000000000000303000000000000000000030400000660001010001100000000060001000000000000000660010000000100000
000000000000111100000001440000000210013400000000000000500000022000000001100000006111100001100140000020100000660000000050000013000060000030000014400100660000060223000000
000000000000000000000000000000000000000000000000033333533313330000100000000150000030000000000000003030003330333133330330000000333333030300330000000330310333130030000020
000000000000000000000000000000000003000003000000000000005000000300000000000000000000000000000000000000000000000000000100000000000000000000600000003000000000000000030000
000050000000000000000000000001000000006100000010000001003000003000000000000000000000000001000005000000000000000300000000000000000000300000000300000000000006000000000000
000110000002001100000004400000440000000000000610000002001000000100000500001000000210000000000011000000000010000000000040001600000000000000000030530000300000010000100050
000000000066000111000000000000000000600100000000000460001000000011100000000032000100001000010000000043000011100000000000000000300000000000000000000000000000000000110010
000000000066000101000000000030000003000000005000001006000000000310000010000000006600000030000001000000000010100000030000000000030000000000000000000000000060400000101000
000002200066000000005002300000230001100000000000200060000010400000000500113000006000000000000000221100000000000511000000010022000445000000003020000030000003000100100005
333333333333333333333333333311330310000000330333003330330000003331333013333333333330110000033330310003000303003300000000333003000230100000000303030000000560000003300333
