000000000000000000000000000001000000030000000000000000000000030000000000000000000000000000000000000000003000000000003000030100000000000000000000000000000000000000001000
000000000000000000000000000000000000060000004000000000000000000000000000000000000000000000000000000000004000000000005003000040000000000000000000000000000010000000000000
000000000000000000000000000000000004010020360000000000000003000000000000000000013100000000000330000000003000000000000000000000000000030000000303000000300000000030000000
000000000000000000000000000000020000000000300003000031000005200000000000060000003000000000000030000000000006000000000000000000003000000021000003000000000000000000000030
000000000000000000000000000000660000000060301000300000000066000000000000000000000003000001000000000000000000000000000000100000000000000660001001000000000000003030000000
000000000000000000000000000000660100000000300000000000000036020000000000000000000000000100000000030000000000000000303000050000000000000600000000003000000000040000030000
000000000000000000000000000033333333333333333303300000001330033000000000000003303133000000033303330300000000000000000003333330000000030033333333333303233301000000000000
000000000000000000000000000000001600000000000000000000000000000000100020002000000000000000000001000000000000000000300000000000000000000000000000000010000003000000000000
000000000000000000000000000000060000010000000010000000000000000000000000000000000000010000000000000000000000000000003000000000000000000000000000000600001000300000000000
000000000000000003000300000001000300000000000000000005000000000000000030000000000000000000000000300001000000000000000000000000300100000030003000000000000000000000000000
000000000020000003000300000000000000003000003000000000500000000000000030350000000000000000030000003000000000000000000000000010000000000030003000000000200000000033000001
000000000660000000003300000000001300100003000000000000000000000000000000000000010000000000000000003000000006000000003040000100300000000000033000010000000000040000000001
000000000660000000003300000000000000000003060000000000000103000000000030000000000000100000000000003000000006000005000000003000000000000000031000000006600000000000000010
333333333333333333333333303305000003033303000000000000000000000033300330330330060000000000033330333333003000033300000000000000333303033330330000000363333300001000000000
