000300000000000000000000000000000301000000000000000000000000000003000000200000000000000000000000010001000000000000030000000000030000600000000000000000000000000000030000
000000000000000000000000000001000000000300000000000000000001000001002000000000000000000000000000000000000003000000000000300000000000000000000000000000000100000000000000
000000000000000000000000000001000030000000000000000000000000030100300330030000000010000000000003030000000033033000000000030000033300000000000001000000000000000000000000
000000000000000000000000000050000150000000000000000000000010000000003000000000000000000003000000300000000000000000000000000000000000040000030030030000000000000030000000
000000000000000000000550000000000000000000000000000000000000013000000000000001503300350000000000001000000000000000000000000000000000005000100000000550000000000000300000
010000011111100000000333000006000000000000010000001004100100000000000002001000000000333000000000000000000300004002000021111001500000000000001111110335000000000000000000
000000000000000000000000000033300000000000000000000000010000000033000000333330333033001001003000000000100000003300010010000000000003300000000000000000000001000003000000
000000000000000000000000000003001000000010000000000000050003003103000000000000000000010000000030000000000000000010060000000000030000000000000000000000010000030006050000
000000000000000000000000000003000000000000000300000000000000000000000000300000000000000000000101000000000000000000000000000003020000000001000000060000000000000060000000
000000303333300000000000000003003300000000000000000000050000000033333000000100000000000000300000000000000000000000100030000033000000010000500333300000002000000000000000
000003000000000000000000000000000001000000000030000000000000000000000000000000000000000003000000000000003000000600030300000004000000000000000000000000100000000000000100
000000000000000000000000000000000005500000000000010000003000000050000050400000000000000000100000000000000000010000000000003000000000000000000000001003000000000000001003
000000000000000000000020000000000000030035000000002000001111110000010053000000000000000000011050000003000310303000000000000000000004002000000000000020000000000010000300
333000000000333333333003333300000330000005333333300033330000000000003300002000000000033530300000000000000003033313300000000000333333300330300000233003330300010000343333
