000000000000000000000000000000000000000030000040000000000000000300000000000000003000005303000000000000000000000000010300030000000000000300000100030000000000000300000000
000000000000000000000000000300000032003030100000000000000000500000030000000000000003001000100000000030000000000000001300000000000000300000003001000000000000000030000000
000000000000000000000000000000000000003300000350000000000000000000333000000000000000000033000130002000050000000000030300000001000000000000000000000000001005000000010000
000000000000000000000000000000000000330300000000050100000000000033053000000000000000031303000000100000300000000003031300000000000100000002000000000000000000000100000060
000000000000000000000000000000000003330330000660000000000000000333333000006000000000333033000000000000000000000030333300300000000000000060013000000000000000000000000000
000000000000000000000010000001100003033300000610000000000000000033330000600000100000333330010011000001000001000333333000010000000000000060000000000000000000000000000000
000000000000000000000000000000000003333004330303300000001000000333300000000000000000000300000000003410333330333333330000000000000000003333030000000010000000003000000000
000000000000000000000000003000000001000001000010030000000000000000000001000000000006000000100000100001100000000010000000060000000000000002300000000000000000000003000000
000000000000000000000000033000000100000000003000000000003000000000000000300000000030000000000000001000000000000300000000000000000000000000000000000000000030303200000300
200000000000000000000000333000000000000000200000300000000000000000003000000002000000000000000000000000000003000000000000000000000000000000100000000000000000033302001000
000000000002000000000033333000300061000003000000000000000000000000000000000600000000001003000000000000001000000000000600300000000000000100000200130000020003330300000000
000000000066000000000333333000000100000100000000000300000300000000000000060030000000000660005000100000000000000000000000000000000004000000001000000000663003033311000000
000000000066000000003333330000000000030300000001001000000000003000000000066000000050000000030000000000000000000000230000000000000000000010030000103000660031333000000000
333333333333333333333333300000000003333033331333300000000303303000010036333333303333333333100000000000000000000000000003333031010000003333313001000333333333030000303303
