000000000000000000000000000000000000000000000050000000000000000000000000103000000000030003000000000000000000000000006000000000000000050000000000000000000000000000060000
000000000000000000000000000000000000000300000010000000030000001000000000000003000202000000103030000000000000000003000400000000000100100000000000000010000000000300000000
000000000000000000000000000000000000066000000011000000660000000100013000060050000166000400000000000000000000000600660000003000000006000000000000110000000000000013001000
000000000000000000000000000000000000066000000001000000660000000000005010660630001060000000003000010610000000000003630003001000000006600000000000110030300200000030000000
000000000000000000000000000000003001166000000010010006060000000000000051660000000030000000003320000300600000000011660000000000000016603031000000110030300000000030000000
000000000000000000000000011100000005660000000002000200660000311000000006660040000066000000003330000000030003013156600000000100002006600001110000120503300000000000310111
000100000000000000000000000000000003033033300033333033100000010103100033333333333333000000033333300000030001001030000300000010033303301030003000033303333300056000000000
000000000000000000000000000000000000000000000000000001000000000300000050000000000000000000000600000000000000000000000000300000010005000000000000000000006000000000000000
000000000000020000000000000000031010000000000000000003000000000030000003000000000000000000000000000000000000000000020000005100000000000300000300000000000300000020000000
000000000000660000110006600000000200000000010001000000000000000000000000000103000000000006600660000000110000000000000000000000000110000000000000000000600300000160000000
030300000000660000110006600000030000000300000000000110003000000030300000001100001106000006000660000000160030000000000000303000100011000000000000000000600000000660000000
033300000000660000110116600003330001000100000000000500000300000033304000000005000000300006661660100003110000000000000000303001300001000000000000000101600100000600000010
033300000200660000120566600003330000000002000011000000000000500033300005001200300000033006650060000000120000000000000000333000000012010000000000000100600000000660000000
333333333333333000333333333330333030300000000001000010000000000303333330000130000000330330034303331000330000100001010011333333300133000000000006000333631343303330030000
