000000000000000000000000000000000000000000000000000000000000000000000000000000000000010000300000000000000000400000000000000000000000000000000000000000000000000000000000
000000000000000000000000000000000000000000000000000000000010100000000030000000000000000000000000000030000100000000000000000000000000000000000000000001000000000000030000
111111111000300000000000000000004441060000111111600000000030444000000000000300000000000044000300000000100100050500000001000000000040000030001101101110000000000410000140
000000000000000000000000000000000000005000000300000000010300000000002000001000030000000000000100000000000000000020030000000060000005010000000000000000003000005000000000
000000000000000000000000000000030000000003000000000001000000000000003030000000000000000000000000000000000000010000000003100000000000000006000000000300000000000000000000
000000000000000000000000000000302000000000000000001000000000200000000020010000000000000020000220003000000000030023020011022000010003000001000000004000000000220000000200
000000000000000000000000000033331343333033000000000001003330333300330331333300000000333333330333330000000000000030333033333303330003300000000030000000000003333330300335
000000000000000000000000000000000000000000030330003000000003000100000000000000000000000000000000003000000000000003000000050000000060000000000000000000000000000000000000
000000000000000000000000000000000000000000000000000000000000000000000000000001000000030000500000000100000000300000010000000003010100020000300000000003000001003000000001
000000000000000000000000044400000000011030000000000000031100035161101100000000000000000000000000006000000101110100000020002600000000011111110100000000000000300000030000
200000000000000000000000000000000000010001210000000000000000000000003000000000000000000050000000002000000000000001000030000000000000000000000000000000000000000000000010
000000000000000000000000000000000000000000000003000000000000000000000000000003000000000010000000000010000000000100010000000000000100000000000000000000000000000000000000
200200000002000022000000020030220000000100200100001103000000000001000000000030022000000000003002002302000000000000002003000000000000000000002002006006300000002000000300
333333333333333333333333333303433500000300330333300000000000001000003000000300033333000300033333133030302004000001333330000000000000000000003333333000000030301130000000
