300000000000000000000000000000000003000000000010000000000000030000000000000000000000010320000000011000000000000000000300000000000010300001003100000000000000000001000000
000000000000000000000000300000030000000000000013000000000000000000001000010000000000000300000000000000000005000000000000000000000020000000000001000000000000000000000600
000000000000000000000000000000401000000000300000000400000000001030000000000000000000100000000020000000000001000000000000000000000000000000000040000000000010000000000301
000000000000000000000000000000100305300000000000000030000000000000000060000023333303000000000000003313333000000000000000000000000003000300000010040010000100003030000000
000000003000003300000000000000000000000001000100003003000300030000360000000000000000030003030000000000000000100000000000300000000000033000003300000000000010000030000000
055000000000000000000000034000003400550006000000000003300000000000000005000000000000000000000300003000000550000000003000000000000000000030000003500000000100000000550100
333300000000000000000000000000000003333000033030300000000000000300000033000003000000000000000000003100000333300000000033001000030203301000300000000300030031333033633030
000000000001100000000000000000030000000000000000000060000000000100311000100000000000010000000001130000000000000000030000000000000000030000000000000001000000000000000110
000000000001100000000000000001000000000000000000000000030000000000011300000100003500000000000001100001000000603003000000000000104000000000000000000000006000030203000110
000000000000000000000000000000000000000000000000000000000030010000000000000000000000300000000000000000000000000000000000000200000300002000000000100000000000000003000000
000000000000000000333333333300003330000000331330300001000003303000000000000000000000030000000030000000000100533300003003033033000000000000000333033130500000000000030000
000000000000000000003000000000000033300010000000000000001000003001000030000000001000030000010000000000000010000000000060000000000000030000000000000030000000000000000000
000000000000000000000000000000000100000000000000060000000000000004060003000000000300000000000000000000340001000030000000000000004013005500000000000000000050101100000000
300000003333333333303330000003133030000001300000030000003033303033003300000040100000000000000333330000000333330333333031000000003000433330003300000000000005000000300303
