000000000000000000000000000000006300000000000000003000000000000003000060000500000000000000000003000000000000000000010030000000000000000000000300000000000000000000030000
000000000000000000000000000000000000001000000000000300000000000005000000000000000000000500030000000033000030000000000000000000060000000000000000000000030005500000000000
000000000000000000000000000044000000055000001000000000000400000311000500550000000000000000000000000000000005500000000000000000001000000106000000000000000000100010400000
000000000000000000000000000013000000000000006000010000000000000000000000000000000000000000000000000000003000030000010000050000000000000000000000001000000000030000000000
000000000000000000000000000000000000000000000400000000000000000000000000000000000000000000000000000300000000000000000000000300100003060000000000000000000000200000000050
000000044400000000000000000000000000030300000000064400002400000003000000000130000000000000000000000013022000030030500000000022000000300400004440000000000055100000001000
000000000000000000000000000033033331333333000003100060003360333303333033330300030001300000001100303300333613003300001000033333000000001000000000000010000003333330033003
000000000000000000000000000000000000000000000000000003001300100000000000000000000000000000000000000000000000000300000000000030000000000000000000000050000000000000301000
055000000000000500000000000000031000000000000000005506000500000000000000000000000000500000005500000000000000000030002000030000055030000000000000000000100011000000500000
011000044000000055000000000000030000000000000000003100000000000000000000000000000000000000002006004400000000100000050000000000011000004000000000030000060600001000050000
000000000000000000000000000000000100000000000000000000000000000000003000000011000000000300000000000030000000000000000600000000000001000600500000000062000300000000000000
000000000000000000000000000000100100011000040000100001000000100000000000000030000000000020000000000000000000000000000010000000000000000000003000300000000010000000000000
000000020000000000000000002200000220000003000000000000000000000000002204400003000000000000000001002000000444000000000000000100000000020000000000000200060030000220300000
333333333333333333333333333333333330400000000030033333330006000033303310000000000060000000033333333033300000000030330330000000333033000333330000000000000033330033333333
