000000000000000000000000000000000000000000030000000003005000000000000001000000000000000000000000000100000000000000000000000000000000000000000000000000000000000000100000
000000000000000000000000000000000000000000000000010030000000000000000000000000000000000030000000000000001000000000000000000000000000000000000000000000010000000000000000
000000000004000000000000000000000000000000003333000300000000010000600000404000000000000000000000000000000000040000000000000000000003000000000000000000333000003000000004
000000000000000000000000000000100100010000000000000000000030000000000000000000000000000000003000000603000010010000000006000000000000030000000010000300000030003001000000
000000000000000000000000000000000010000000000000000000310000000000100000013000000010000000000000000000000001001000000000100000000000000000000000000000000000000010000000
000000001100000000550000000003000003220000050010000005000000001000050001106000001400000000000005000000000010000100000000110000000000000005500000050000000000000010000060
000000000000000000000000000000000003343333133133300600000003333103000000000010000100000300000000000000000000000000033330050000100000000000000000000333303300000000030000
000000000000000000000000000040000000100001000030000003000000000000000000000030000000000000030000000000000000000000000000000000000000000000300000000000000000000000000000
000000000000000000005000000004000000000000006000000000050000005100010000000100000000100000000000030000000000000000100000000001000000400000000000000000030000000050000000
000000000333310000000000000030000000000400000000000000000000000000000000000001033330000000000000000000500003033100003000030100000000000000100000500060000000000000000030
000000000000000000000000000010000000000000100000000000000000400000010000000000300000000000000000000000000000000000000000000100000005000000000000000000000000000000000000
300000000000000000000000000000000000000000000000000000050000000300000000000000001000003000002000003000000005500000050000000000000000030000000000000300000003000000000300
322000000000000000000000000000000014110000000000000000000001300120000001000000000000000000100000003220000000000100000000000000000000002200000000000322000100000000100000
333333333333333333300000333300003030000005000003033006003003300333303300000000033333000333003300000333333303300333333003330330000000103333330033001033333033303000003033
