000000000000000000000000000000000000000000000000000000000001000033000000000010000000000000000000100000000000000000000100000000010400000000600000000000000000000000000000
000000000000000000000000000000030000003000000000000033330300100003533300000003300000000000000400003300000030000000000000000000003031300030000000000000300000000000300000
000000000000000000000000000010013000533330006000003000000000300000000000000300000000000000000100000000000000010000003000003003000000000300300000000003333000000100000360
000000000000000000000000000003303000000003500000033000003030000330000000000000000020000000000000000030000333000033003000030000330001000000100000010300000360000003330300
000000050000000550000003350033000000000000000000000000103300000000000050000000000000000000005500030006000330000001000030550000000000011400000000000000000050000003300000
000003333300000000000000000000063000000000000000300000000000300000000003300000000000000003300000000000000000030000000000000000000000000000001000000010060033300000000300
000000000000000000000000000030000000303310000001000033333000330003333300000003333033000000000000003330333000003310003330001000603330333333000000000333030000000003013330
000000000000000000000000000003000000000000000110000000000000000000000000000000000000600000010003000000000502000000000000000030000000000000300000000010000000000000000000
030000000000000033333330000000000333000000000000000000003000000001000300000000000000003333300000000000000000000033000000000000000000000000500033300000000000000003300660
000030000333300000000000000000000000010000000000000300010003330003000000000000000000010000000000300033330000000030000000100000000000100000000030000000030000000000000000
333030000000033300000000000000000000060000000000000000000000000000000000000000000500030000000000000300300000000004000000000100000000000000100300000003010000000000000000
330000000000000000000000000010305000000000005060050300000000100055000000335000000000000005060000000000000003350000000005000000006350000000010000000000350000000600000000
000030000000000000000000000050500100000000000001033000000330000000000000000003000033003000030300000000000000000010030000330000000005050000330000000000000000000150000100
300033333333000033333333333300010001333033001000000000003030300010000000000000000003000333300100003303300000000003103300000600010003000000000030530000000000000003333030
