000000000000000000000000000000000000000000033000000010000000600000000000000000000000000000000000000000300100000003300000000000010040000000540001000030330000000000001000
000000000000000000000000000000000010000300333300000000000050060000000000003000000000000000000000000003000000000000330300000000000000000010300000003300300000000000000003
000000000000000000000000000000100000200000003300000000000001000000400000000000030000020000030000011000000014000033300000000100003000000000000000033030000010000000000300
000000000000000000000000000000000106600000000300010100000100000000030030000000060100660000000000001000000300000033130030000000000000000000000000353033300000000000000000
000000000000000000000000000000005006600000333300000000000000000300000000000000006030600000000000000001000300000000300000000000030010000050510000030333310000000000000000
000000000000000000000003000000012006600000333300000000000000350000010000002200030000630000000000201000000000322033030000000000000022030000000004033333300000000200030000
000000000000000000000033300000000000303300633023300000000000000030000433333330333000300030300000000003000333330313300030000000333333003300003030003333003331303330333300
000000000000000000000033300000000000000000000000000000010000000000000013130000000000000003300000000300000023000000030000003000000000000000000000000000000500000000600000
000000000000000000003333300000000030000000000000000100000000000000030333300000030000000000300000000000000333300001000000000003000360110000000000000000000000000000000301
020000000000000000033333300000000030034000000000000000000000000000003333300000200000000000000000000000030333300300030000000033000000001000000021000000000000000000060000
660000000000000000333333300000003130000000000000000603030000030000003333320006600000000000000000000000330333300000000300000033060000000000000000000660000010001000000000
660000000000000000333333300000003330000000001010000000003000000000003303330000600000000010000000000004331333300000000000001033660000000000000000003660003000006500000000
660000000002202000333333300020003131001000000000000000000000000000033030331006600000033000000000003000303330300030000002000000000000000000000000000460000000000010000000
333333333333333333333333003333330103333333033300003000000000000333333333300033030333033000000000113033303333003300000010333030331333300000000002000333333300300000000003
