000000000000000000000000000000003603000000000000000000000000000000040000000000000010003000300000000000600000000000000000000000000000010300003004000000103000000000000000
000000000000000000000000000000055130000000330030000000300000000330000000055500000001000505302600000003000000002000000000000300000000033100000000053000000000000000000020
000000000000000000000000000000000000003100000001000000000400030000000400000000300000001001003500000000000000000000100000000000000000000000000000000001300120000000000000
000000000000000000000000000000000000000000310030330000000000000000000300000000000000000100100000000000100000000060006000000000000060000003130000500010000000100003000000
000000000000000000000000000000000000000010000000000000000000000000000000000000000001000000000300010050010000000030000000000001011000000000000000000000000000000000000000
555000000000000000000000033000000000000330000000000000010000330000000000000000000001010000000000000000001000000005500000001100000000000000000300000000000000000000000000
333000000000000000000000000003333000010300033300000000330000000033000003030300000000030331030000000030313100103333000010000000003000033330000330330030033000000000003033
000000000000000000000000000000030000000000000000000000000000000000000000000600000300000000005010000110400000000100001000000000000000000000000000000000000000000000000000
000000000055533300000000002000100000000000000000010301000000000000002000000010000000000060050000004000000000000000000200005053060000303000000300000000000000100000000000
000000000000000000000000000000000000000000300000000000000000040000000000300003010000000000100003000000000000200000000000000000000000000000000000010010000000000000000000
000000000000000000303300000000000000000000300000000003054000000000000001000000000060000000000003030003000000000030000000000000000000000000000000303003000101000000001000
000000000000000000000000000000000000000000000000000000000000000000000100000000001003000500000000000000000003000000000000000000000000000000000000050000000000000000000003
000000000000000000000000000050000000000031000006000000030000000000000000000005050000000000000000010000030551000000000000000000000000000030001000000000000000003305550000
033033303333303333000000003330300050000600030003300000300000000000303003003333030000000000133030000000100333000000000330300300000100101000000313000000000000000003300030
