000000000000000000000000000000000005000100000000310000000000000000000000001000000003000300300001000000000001000010030000000003000000000000000000003000000000000000000000
100000000000000000000000000001100000000100000010310000003000001000000000030001000003000000013001000100000000000001000000000000300000010010000000006000010000000000110000
000000000000000000000000000000000000001110000303000000000000000000000102000000000031000030003010100001000000000000000000000030000000000000000300033000030000000000006000
000000000000000000000000000000000010000000000031300000000000000000000300000000000533010030310000000000000005000000000000000333000000000000000000333000000000000000600000
200000000000000000200000000000001000100000003033300001002000000500030300000000030301003333300000002000000000030000040000030303000023120000000033333000000000000000000000
000000000000000001111110000000000000006100033033001000000000000010000010000000333343013310100000000000000100000000031000000033000111100000010333333300011111001000000000
000000000000000000000000000003330000033333333333000011000000000000000000000003033343303300300330330000000000100033333303303030003000000000000303330000013010000003333300
000000000000000000100000000300000000000000600000103000000000000000010000000000000000000000100001000000000000000000000000000100000000000030000000100015010000000000000000
000011101100000000100000000300000000030030000000001000110110000000010000000000000101003000000000000000101000000000001110000100000000100000040360100000000000001301001110
000000000000000001110000003300000000000000000001303300000000050000113000000000000000000000000000000000000000050000000000000110000000000006000001110000000000000000000000
000000000000000000000000033300300000000001000000300010000000000000000001000000500000200300000000000000000000000000000000000000000110100000030000100000000000000000000001
000000000000000000000003333300003000000000100000000000000000000000000030302000000000000000000000050006000035020000003000000200100000000000000000000000010000000000000000
000000000000000000000033333300011110030050110003000030000000000000000000010110000000000000000000000000000000111000000000000000100000000010000010300000100000000000000000
003033333333300033333333333300000000000030000000000303130030330001303300000100000330333033000000600030331000000000303330133033000000000000100003333300000000003310003000
