000000000000000000000000000000000001000000000000000000000000000000000000000000006000000000000610000000000060000000300300000000000000000000000000000000100000000000046000
000000000000000000000000000000000003300000000200000000000000000000000000121000066000000200300631000000000000000000000000030030000000003020000000000000200000000000060000
000000000000000000000000000000000001000000001100000000000000000000004000100000366000000000000660000000000000000000000000000003000000000010000100010101100010030000006000
000000000000000000000000000000003101000003000000005000660000000000000000000100066300000000000620000000001000000000040000100030300060010300000000000001000000000000006000
000000000000000000000000000000000030000000010000000000660000000000000000000006030000000000000660000000000000000000000000000301000000000030000000000000000000000000066000
000000000000000000000000200006020000106020000500000220000023010000000060000200063000000032000660030002000100000000023000000000000000000000200200000000000000000000006000
000000000000000000000006605500660050000000333000333333310000000000100033330300033351033330300333030066000031000000660500000030000001003333333033303003013300503000033303
000000000000000000000006600000060000110000000000000000000000000060000000000000000000000000000000000000000050000000010001000100000000000600000000000000003000000300001003
000000000000000002000006600000300000000000000000000001000000003000000000000000000000000000000000000000060000000300000000000000000100000060000000003000300000000000000000
000411000000020011000006600000660000011000000000000041100004130100000200000000000000000000003000020000000000400000000020003000000011000660000000000005000000000020001000
000000000000660000000006600010600000000000000000000000000000000000006600003000000000010000000000010000000000000060000060000000000030000660600000001000000010000660000001
000000000000660000000006600000600300300000000030000000000003000000301600000000000000000000000400660000000303000000000660000000000000000600000000000000030000000660000000
020000000220660000020006600000660000001003000000000000040202000002206600000001002000000000003220060000100000000000200600000000020000000010100000001000600000220600000000
333333333333333333333003333300013030000000000000013030333333333333330000001000066055300000003333300000000333333303303530000000330333300310330000000006600530303300300000
