000000000000300000000000000030000000000000000000000000000001030003050100030000030001000000000000003300000010003030010000030000003003000000000001000000003000000010000033
000000000000300000000000030000010100000000001310000001000000030000030000000000000031000000000003300000000001003000000000000000000003000000000000000010003000000000001000
000000000000000000000000000000000000000000000000000000000000000000000000000000000020300300000000000000300000000000000000100006000020000000000000010000000000000000030000
000000000000000000000000000000000000000000000000000000000000000000000000000000000000000000000060000000060000000010000000011000000000000000000000000000000000000000000000
000000000005555000000000055500000000000000000005500000000031555000055000000005000000000000003000000000000100051500300000000000000035500000500000000000000000000000000000
000030000000000000000000033300000200000000000003300000003000033001030000003000000000000000030031001000000000000003000100000300003000000000000000000000000000000000000010
055530000000000000000030000030000003300130030000300000000000000030000005550003000000300000005553000603303000100033000000003333000001033300330000000050000033330330303333
300000000000000000000000000000000000000000030000003000001001040300000000000000000000000000000000000000000100000003000000000000000004010000000000000000000000000000000000
000000000000000000000000000000010000000030000000000000100000000000010000000000000000000000000000000000000000030000003000000000000000000000000000000010000000000000000000
000000000000000000000000000000000000000050000050050000000000000000030000300000000030000000000050000060000000000000000000000000000000110000003001000000000000003000000100
000000000000000000000000000000000000000000000000000000400000000000000000003033000000003000000000000000300000000000003000000000000000000000003000000000000060010006000005
000000000000000000000000000000000050000550000000001000000000000050000000000030460000500000000000000000000000055500505355000000000000000000000000555000000000000000000000
000000000000000000000000000000000000600000000000000030000000100000000000010040000000000000000000000003000000003300003330000000030030010000000000333000003001004000000001
300000033000033333333030333305353000000000300000300030333300103300003033333030301330000000030333030300000000000003300000003300005530033100130300000300000000503303300000
