000000000000000000000000000005000000000000000000000000000010000000000000000010000000000000000000000000000001000000000000000000000300000020000000000000000000000000000003
000000000000000000000000000000000000000000000050000000300005000000000000100000110000010000010030000000001000000000000000300001000000010000000000300000000000000000000000
000000000000000000000000000000010001000000505000000000000000000000000530000005030300505000060000050000000000000000000000440000000000055500000000005000000050500034000300
000000000000000000000000000043000000000000000000060000000000000000000000000000003000000000000000060130000000006000030000000000000000000001000000000000000000000030000000
000000000000000000000000000000000000000000000000000003000000000300100000000000000000000000030000000000000000000000400000300000000000000000000000000000000000000000000000
011100000000000000000000000000000010000000000006000000000000000000000000000000000000000060003100001000000003000000000030002220201100000000000000000011100000100000002220
000000000000000000000000000000000000000000333333300000003333303333303000000003303333033303330030135000333000000000333303330333000000333333330303031003000000333333333303
000000000000000000000000000000100100030000300000000000000000000030000300000001003000000000000000000000000000000000000000000000000100000000000000000000000000000300000000
000000000000000000000000000000030000000000000000000000030000000000000130000000050000000000000000000000000000000000000000000000000000040000000000000000000000000000000000
444000000000055550000000000030000054400001000000000000000000000001000000000300000000000000000000000100000444000000000050000000000000000001000000000000000000000000000001
000000000000000000000000000000000000010000033040000000000000000030001010000100000000000000000000000000000030000000430000000000000000000001003000000000000000000000000030
000000000000000000000000000000000000000000000003000000000000000000001004000000000000100000000000000060000000000000000004000000000000000000001000000000000000000000000000
000222000000000000000000000300030000002220000000001100000111000100222000000010000000000000000000000111000000022000006000001000000000005000000000000000060030000000000000
333333333333333333333333333333333300303033333330300000000001300033333000000000000000000500000000000000000333333333031000030000000000000000000000000000000033033330500000
