000000000000000000000000000000000000000000010000000000030000000000000000050000060030000103040006003000000000010000000000000000100001000000000000000000100000000000600000
000000000000000000000000000000020000000000000300000010000000000000000000130003000000000000000000000010000005000000030000000000000600000000000000000000000000000000002000
000000000000000000000000000000060001030000000000000000000000000000101002000000000000000000000000000001010001030000000000000010100000500011100110000000000000000060066000
000000000000000000000000000000000030000000000000000001003005100000000066000000005000000000066100000100000000100000000003000000000000000000000000000000000000000001066000
000000000000000000000000000000660301050000000000000000000000000000005006000006100010000000000000001000004000000040003000000000000000000000001000000000000000000000065000
000011114141111000000000000000660100000000000600014141111414111020000050000000000000140400000005000200000000000000001110000300030000002000000300000000010300000000060006
000000000000000000000000000036300033333300000030010000000000000303333333333630000500000000030330031333033000000000000000000003000000033333330330000100001200000105033333
000000000000000000000000000000000000000000100000000000000000000000000000100000000000020000100000000000300000300000000000000000000000000000001000000000100000300030000000
000000000000000000000000200000000000000100000000000003100000003000300000020000000000003000000000000000030000200000000000300000000300000020000000000033030100000000000000
000111011100000200000006600000030000000100000000000011101101010000400000030000000000000006110000304110001006600011100000000000020000000660001101110000000000000100000000
000000000000006600000006600006000000000000000000000006000000000000000100660000000003000000000000000000006006006000000000000000660000000660100000000000000000000016600000
000000000000000600000006600006000102000300003000000000000000030000000000600000000000000000000000000000000006600000000000000030066000000000000000000000000000000100600000
020000000000000000000006600000000000000111000000001400000300000000001000660000000111000011100000001000060006600000000001004011000000050060000203000141411101006310030000
333333333333003333333333333333333330002005000000030330303333300000000030633300000000000000000000006303300305003030303000000000003333333303010333030000000300000003003303
