000000000000000000000000000000000000010000000000110000000000000000000300000000000000000000000000000000000000000000000000000000000303000100000000000000000000000000000300
000000000000000000000000000000000030033000000000000000000000000000000000300000000000000000000200000005000000000000000300000000003300000000000000010000000000015000020000
000000000000000000000000000000000330003000000000000010000000000000000000030600000000500000006600033000000000360000000000600000200000000100000000000000061000000000660100
000000000000000000000000000000300310033000000000000003000000000003000000330000000000000000000000010000000000000001005000030000001300000063000110001000000000000003060000
000000000000000000000000000000000330003000010000000000000000000000000000030000000000030001026000000000000000000000010003600010000000001000000000000000000000000003060001
000000000000000000000000000000333330003000000330000000000000010000000000030000000000000000006000000000002000000000006000660000000303000000500002003000000000000003600003
000055000000000000000000300033303133303333000000000005500010000000530033033330000550000300033330033333130000055000000003303000333031300000000000030000000000030003330033
000000000000000000000003300000000000100005000000000000300600000000000000000100003000000010000000100033000000000000000003000000000000000000000000000100000500000000033000
002000000000000000000003300000000001000000002000000000000000000000000003100000025000000000000000000033000000000000000000000300000000001000000000000000000003000000033000
066000000000000000033000300000000000005000066000000000000000000051003300000004660000300600001000000000000000000300000000100030000000000003000000000000003300000000300000
066000000000000030333003300000000000000000063000000000010000100003033300010000160031000000000000000033010003033000000000030303000000000003000001050003033300000000033000
366000000000000003333000300000000000000100050000000000000000000000603300000003100006000000000000000003000000300300001000000303000030005000000010000000330300000003003000
366000000020020033333000300000000000000000066000000020000000000002033300010003664000300000000000000003000000003100000000033303000000050001000000003000333300000020003000
333303333333333333333333333300000000500000033511333333310000000033330033330001303033400000001000003331303033003400030000063333000055033333330000550330333333333333333330
