000000000000000000000000000000000400300000000101000000000000300000000000000600000000300000000000000000000000000000000400010010000000000000000000000000000000020000300030
000000000000000000000000000030000000000000000050000000100006000001000000000630000030000000000000000000005000040000000000000000000000000000000000000000000000000000000000
000000000000000000000000000000000000000000000000000000000001000000000100001030000000001000000000000050000000000000000300000000000060000000000000000004444101000000004000
000000000000000000000000000000000000050000300000000000000001000000001000000000000000000000030000000010300100000000000001000000000000300010000000100031000100000000000000
000000000000000000000000000000000000100000000005000000000000000000000000000000000000000000010000000200000000000000000000036000000000003005050300000100000000000000000000
011000000444000000000000000000444000020000000000000001000000000004440003000002031000011000003000000000010000040030031000000005311003020000000000000000000001110000040000
000000000000000000000000000000000000000033000000000000000000030000000000000003300333000000033330000000001000000000000000001000000000130333330000000033000310000303310430
000000000000000000000000000000000000000000000000000000001000000000000000030000000300100000000000000000000001000000000000600000000000000300000000000000360000000000100000
000000000000000000000000000000000000000000000000001010000000000000000000000000000000000000500000000000060000000000000000000100130000330000000000000000300000000100000000
000000004444410000000000000000000000000000044444000010013000000001444100000030000001000000000000000004441000000001000000000000044444100001000000000000000000000000000000
000000000000000000000000000000000003003000000000000000000000000000000000010000050003000000000000000000000001003000000000000000100000000000001000003010000000100000000000
000000000000000000000000000000000000000000000001300000053003000000000000000005000000000010000000000000600000300000000000000000000000000000000000000000000000100001000000
202000000000000000000000000010000000100000000000000130000000000000000001000000000000200000000000000000000000000000000000044400000000000000000020000000000000444500001000
333333333300033333330333300033333000000000033000333000003300330333000330000000333000330333333333103330001000000133330000000000330000033333003333333000000000000003033000
