000000000000000000000000000000000000500001000020000000000000030000000000003330000000000000000000000300000000000000001000000000000033300000000001100000000000000000000000
000000000000000000000000000000000000200000000000002000000000000000400201035310300000000000000000000000000000000000000030000000000330030000100004000001000000000000000000
000000000000000000000000000000000000000000000000000000000003040000013100333030000000000000001000000000300000000100000000000000003330330001000000000000100000000000000000
000000000000000000000000000000000001000000100010000000000000000000000033000300043000000000000000000000300000000000000000000000000333300000100000010001030000000000000330
000000000000000000000000000000000000015000000000000000000060000000000030333350000030000000000000010000003001000000000030000000333353000000300060000000000000000000000003
000000000000000000000000003300224000000000000000000010300000000000000033333000000000002202000000000000033000000000000300000030333333330023300000000001100000000030000033
000000000000000000000000003330333310000000000000003330333332330000000033333330010000033303300100003303331010000033303331000030003303033333330000000303333000000333003330
000000000000000000000000033300061330000000000015043000000000000000000000000000000000000000000000100000000000033300300000020001001000010000000001000000000000003330000000
000000000000000000000000333300033330000000000000000000010330100000006000000000000000000000000000000000000000303300000000000000000300000000000000100000010031031300000000
000004000000000000000003333300333330000041000000000000000030000000000000000000005000000000000000000000040103333001000000000000000000000000000000000000014000333330000003
000000000000000000000333333333033330000000000000000300031000000010000000000000000000000000005000000000000033333300000000000060000000010300000000000000000033330000060000
000000000000000000003333333333333300000000000000000000060030003000100000101300000000000000000000000000000333333300000000050000000000000000000000000000000020350330000000
000000000220200000033333333333333300000000000003000003000000033000000000260200000033000300030010330000000333303305000000000000050000000000000403050000000030330330000000
333333333333333333333333333333333033330330003003000000033333330006000033330300000033000000340300303330333033303333330030000000000000000000000300030333310635033330000000
